5 0.028125 0.609375 0.05625 0.11874999999999991
5 0.084375 0.71875 0.16875 0.17083399999999993
5 0.165625 0.858854 0.33125 0.276042
5 0.4996095 0.6437499999999999 0.999219 0.7104159999999999
5 0.087891 0.42031250000000003 0.166406 0.10104099999999999
5 0.109766 0.6229165 0.09609400000000001 0.11458299999999999
5 0.1429685 0.5796875 0.13437500000000002 0.10729100000000003
5 0.153125 0.171875 0.070312 0.06874999999999998
5 0.2 0.424479 0.09375 0.05729200000000001
5 0.2132815 0.5510420000000001 0.071875 0.14375000000000004
5 0.4703125 0.6786455 0.578125 0.28437500000000004
5 0.2109375 0.1734375 0.04062500000000002 0.05520900000000001
5 0.2507815 0.166667 0.05468700000000001 0.06875
5 0.3066405 0.1473955 0.099219 0.096875
5 0.329297 0.525 0.136718 0.12291600000000003
5 0.48476549999999996 0.8619795 0.43984299999999993 0.2718750000000001
5 0.313672 0.3958335 0.07109399999999999 0.10416700000000001
5 0.34687500000000004 0.390104 0.054688000000000014 0.09895799999999999
5 0.38359350000000003 0.1302085 0.039063000000000014 0.06666699999999999
5 0.4121095 0.4109375 0.07265700000000003 0.078125
5 0.487109 0.9203125 0.22265600000000002 0.15729099999999996
5 0.43007799999999996 0.114583 0.041406 0.06875
5 0.596094 0.359375 0.17343799999999998 0.08750000000000002
5 0.6222655 0.48281250000000003 0.17578099999999997 0.10729099999999997
5 0.691406 0.952604 0.15468800000000005 0.09270800000000001
5 0.7636715000000001 0.9208335000000001 0.10703099999999999 0.09166700000000005
5 0.751172 0.6807295 0.058593999999999924 0.12812500000000004
5 0.785156 0.7010415000000001 0.06874999999999998 0.145833
5 0.804297 0.575521 0.09765600000000008 0.0927079999999999
5 0.8820315 0.8234374999999999 0.234375 0.3510410000000001
5 0.867578 0.36874999999999997 0.13828200000000002 0.12708400000000003
5 0.846875 0.6984375000000002 0.07500000000000007 0.16145900000000002
5 0.9210935 0.39270850000000007 0.151563 0.10416700000000001
5 0.926172 0.4765625 0.14609399999999995 0.078125
5 0.9414065 0.6552085 0.11562499999999998 0.15833299999999995
