5 0.067778 0.5599999999999999 0.024444 0.14222199999999996
5 0.0933335 0.578889 0.026666999999999996 0.16222200000000003
5 0.1255555 0.569444 0.042223 0.15000000000000002
5 0.1659255 0.5983335 0.048889000000000016 0.18111100000000002
5 0.216296 0.5194445 0.05185199999999998 0.23222300000000004
5 0.2655555 0.4927775 0.06296299999999999 0.24333299999999997
5 0.3385185 0.507778 0.08444499999999999 0.32444400000000007
5 0.488889 0.457778 0.2 0.504444
5 0.6307404999999999 0.43500000000000005 0.06148100000000001 0.30333400000000005
5 0.6844445 0.49777800000000005 0.05925899999999995 0.324444
5 0.7425930000000001 0.521111 0.054074000000000066 0.20444400000000001
5 0.788889 0.5433335 0.03851799999999994 0.25333300000000003
5 0.823333 0.5188885 0.054073999999999955 0.25111100000000003
5 0.8551850000000001 0.525 0.06592600000000004 0.24333400000000002
5 0.9074075 0.5 0.10074099999999997 0.293334
5 0.9796294999999999 0.5055554999999999 0.039259000000000044 0.282223
